n, mse
10, 13.435696898214381
10, 308.2173706475996
10, 242.22243030735874
10, 6.163499652095798
10, 5.272489959826945
10, 1683.7273892285357
10, 71.17348891871934
10, 138.72636421745958
10, 926.7863988297671
10, 8.668672344323578
10, 607.7620482285307
10, 79.27169836817556
10, 6.309018433506129
10, 14.959108489861263
10, 16.387394581166323
10, 471.8764707346936
10, 2181.04940007176
10, 6697.967160873272
10, 4.661695274890233
10, 691.7029593580306
10, 78.14363494786755
10, 22854.02850744122
10, 129.47221437366167
10, 1.439969373606724
10, 614.8768606964917
10, 13707.776238819933
10, 82.96510514312075
10, 3604.4257770950544
10, 382.37744104633066
10, 2.6647991628722445
10, 1853.6590185902314
10, 56.73348348867985
10, 182.00280948907408
10, 81.73427565967917
10, 2582.405058912001
10, 450.5914875183896
10, 15.333701740112861
10, 82.58674732597306
10, 7.794174768566277
10, 4419.948521307957
10, 8549.755669275264
10, 10.250121858549843
10, 24.72369671866216
10, 21.72352600406949
10, 1238.0473421549523
10, 34.31967820735294
10, 0.4296023052259792
10, 9.930935060092587
10, 5.165052062062658
10, 6808.371998558769
10, 82966.42603457956
10, 4.949815319522461
10, 1019.5800036969176
10, 105.64269943751887
10, 6.98546424077224
10, 68627.13093859529
10, 1.2547364236895253
10, 2.652819263696804
10, 327.0719888988315
10, 7092.333703149871
10, 1732.3355903643599
10, 1534.5478002155699
10, 59.05466373701498
10, 403.6884724867645
10, 240.86942952507363
10, 9.270297251133774
10, 66.06210607900823
10, 8.408745585168761
10, 12.625335156145608
10, 42.410621178676344
10, 19.253879844788806
10, 120.704169704055
10, 6142.81589219369
10, 9.132241431474597
10, 11.586690636629406
10, 77.23669412109334
10, 46117.10378423378
10, 7.871168054968378
10, 40219.08934235351
10, 79.65685944605147
10, 865.5261867064418
10, 3446.0177290905485
10, 1866.2227255689672
10, 1.5586042434938137
10, 206.24274068838133
10, 10.553102884156782
10, 4.302786095304227
10, 1092.3807077590636
10, 741.1327153385002
10, 12.500332671992961
10, 1440.2002986793673
10, 49.91241650207927
10, 0.5003441580459276
10, 13.254426009852546
10, 6300.710565123162
10, 60.79241743100416
10, 34.842016643578816
10, 0.36364146948709886
10, 3.194096741611068
10, 1856.2296764449272
100, 3.633018882881651
100, 24.443707636362614
100, 7.580189703349353
100, 4.517982850675521
100, 3.9570698875005617
100, 5.495758523528546
100, 8.563843126908534
100, 13.002087606798373
100, 7.675521443929545
100, 4.4168350749198115
100, 4.180423569650647
100, 3.711139422700408
100, 5.64954944728885
100, 7.498804132507702
100, 3.5651575611911985
100, 8.330254017523819
100, 6.326673793293233
100, 6.92305147170527
100, 3.8617687992556347
100, 4.641648763698285
100, 13.20114558575656
100, 5.365705896572091
100, 3.980017357341141
100, 6.123052462126606
100, 3.960459976141356
100, 5.801415461371954
100, 3.1463822366425704
100, 4.078347077197426
100, 6.968245852881242
100, 5.66710437227044
100, 4.530053063153269
100, 3.917462047457937
100, 2.75293594033139
100, 8.277961285483874
100, 5.670949670281774
100, 9.194384556361443
100, 4.0741389904899385
100, 1.4199749366966803
100, 3.5254733293948464
100, 2.7718318262406516
100, 4.586330067957026
100, 2.7852516093271062
100, 4.331570819942443
100, 4.975662600521561
100, 5.070582241717559
100, 6.823893073750857
100, 13.340246562682495
100, 5.050278267544138
100, 9.525323215236861
100, 4.011654357473995
100, 6.790647388728464
100, 6.860210074496642
100, 3.9038839415150006
100, 4.605901022455287
100, 5.85997743535569
100, 2.201423618689879
100, 3.6275857025843576
100, 2.088154163163878
100, 4.139824336073948
100, 6.526716761633269
100, 5.4337458308934234
100, 4.42593961365899
100, 2.0361298479734034
100, 10.517767139376957
100, 3.54599002171076
100, 4.248140417259116
100, 6.238933156015079
100, 4.935103534499822
100, 19.894833177310883
100, 3.5903278885873933
100, 4.6427123564466966
100, 2.174955426318224
100, 3.630468713208475
100, 5.20783016597576
100, 7.822946768254229
100, 3.686039998225849
100, 3.779898513905235
100, 5.357036110136713
100, 4.512656252200346
100, 6.4775245148891845
100, 5.420366364385131
100, 6.084233506853133
100, 2.4787803517037412
100, 7.587374788919755
100, 3.9205677091389477
100, 11.738488647342635
100, 5.764193544788637
100, 5.934315521907807
100, 3.757780782072918
100, 24.75886532029017
100, 10.836108724058038
100, 4.87286050183148
100, 8.193649357760588
100, 4.348536462534876
100, 4.136031415607977
100, 16.35516294972623
100, 5.445982193275663
100, 4.7254244707022846
100, 4.387954538371683
100, 2.529525826633994
1000, 4.08679562231187
1000, 3.6618567827662343
1000, 4.1484205531096725
1000, 4.706670506649036
1000, 3.7525328299983665
1000, 3.694560418118598
1000, 3.8934012017507915
1000, 4.144505902598119
1000, 4.846053750281083
1000, 4.577104494787636
1000, 4.329231149821795
1000, 4.396685376380137
1000, 4.460014144203393
1000, 4.131174969067198
1000, 3.7396832758173804
1000, 4.210860923042016
1000, 4.130160022647669
1000, 4.077515612932569
1000, 4.253861308115363
1000, 4.003497627736348
1000, 4.360005585604959
1000, 3.9225795879113834
1000, 3.5112164423917283
1000, 4.886602163844616
1000, 3.5270019669396873
1000, 4.879774629425221
1000, 4.208526094859501
1000, 3.699390192554367
1000, 4.74446800723195
1000, 3.360819117519079
1000, 3.4607299441433588
1000, 4.461011924371351
1000, 4.726711135955893
1000, 4.618512476215633
1000, 3.5968896753112993
1000, 3.9251788486016648
1000, 5.02900043545074
1000, 4.331814822197277
1000, 3.910275960664862
1000, 4.364240621685721
1000, 4.1321882688417295
1000, 4.789684755938136
1000, 4.606589020360435
1000, 3.808526710350355
1000, 4.735484603435373
1000, 4.918756867023253
1000, 4.352039129841575
1000, 3.9501263852861475
1000, 4.508895532031784
1000, 4.378521681472391
1000, 4.43392058129372
1000, 4.147214697431723
1000, 3.531481938926104
1000, 3.674465986614871
1000, 4.139178670623292
1000, 4.647957060241575
1000, 4.258842592662493
1000, 4.458446973556153
1000, 4.740756023973976
1000, 3.9085517132404886
1000, 4.85209105866909
1000, 3.9713230388057026
1000, 3.7327540079118613
1000, 4.231526560392907
1000, 4.491244074874835
1000, 4.0456749070008735
1000, 3.5891724324435983
1000, 5.007767374271371
1000, 4.022934972950684
1000, 4.028875185261614
1000, 3.6067042479067664
1000, 4.397134124919111
1000, 4.85091671425474
1000, 4.165284425755392
1000, 4.2205079306989495
1000, 4.545266343229404
1000, 4.190419959697659
1000, 4.191009016991112
1000, 3.9074948787676864
1000, 4.047952047914869
1000, 4.7460957737241785
1000, 4.477591322579897
1000, 3.3018954398728773
1000, 3.7194015494823924
1000, 5.5294847273253565
1000, 4.1358484125226
1000, 4.124005549301513
1000, 3.2619876552698726
1000, 5.152234718746658
1000, 4.825393947376293
1000, 4.637993947868337
1000, 4.248739662620609
1000, 4.625726586661578
1000, 4.54698072235421
1000, 3.370237868513168
1000, 4.271139727693363
1000, 4.241802901631239
1000, 4.880306777936337
1000, 3.9291064509185163
1000, 4.871815324209383
5000, 4.004085247383094
5000, 3.8271477622475
5000, 4.065714370211455
5000, 4.116969040722977
5000, 4.114629394919861
5000, 4.115345815536866
5000, 4.254962889345388
5000, 4.557506943568904
5000, 3.858458085589273
5000, 4.180351698727783
5000, 4.0754791867701305
5000, 4.065233082529147
5000, 4.260671809380327
5000, 4.194980516422376
5000, 4.070084958922333
5000, 4.000132785379072
5000, 4.277912979770568
5000, 3.9991160060504836
5000, 4.279996788925815
5000, 3.814504391796746
5000, 4.35792933556282
5000, 4.232591371542452
5000, 4.24067248864352
5000, 4.154007149943464
5000, 4.460597826578607
5000, 4.2325195870845524
5000, 4.192746515340775
5000, 4.298175860191803
5000, 4.4387518184624035
5000, 4.209528684324469
5000, 4.019317193464865
5000, 4.279017910536761
5000, 3.9473754492548814
5000, 4.3552802749956845
5000, 4.50408154869989
5000, 4.259988443060596
5000, 4.661400464116281
5000, 4.218875342298845
5000, 4.432813378817227
5000, 3.956505147007064
5000, 4.355866044733124
5000, 4.1592644263457625
5000, 4.35342991521299
5000, 4.375321218193305
5000, 4.052608120015223
5000, 4.3004544397048505
5000, 4.678031643903961
5000, 4.108070896179892
5000, 4.043138907072969
5000, 4.047321147076749
5000, 4.429783935826685
5000, 3.908296041875369
5000, 3.9056283735955852
5000, 4.26820894562176
5000, 4.005918547607231
5000, 4.271382266916802
5000, 4.612790493844346
5000, 3.948892843609273
5000, 4.384322909913679
5000, 4.1161609675976685
5000, 4.1522885051247185
5000, 4.137353629204474
5000, 4.061666054866174
5000, 4.0926018911184645
5000, 4.157139670963874
5000, 4.147970870605476
5000, 4.0195503498524765
5000, 4.128072009082199
5000, 3.9940357195189704
5000, 3.769832153985699
5000, 4.177719908122599
5000, 3.8347465937168055
5000, 4.117683237966132
5000, 4.154221300042962
5000, 4.0318885424188995
5000, 4.25553149480677
5000, 4.265325180549
5000, 4.090404533311135
5000, 4.5047002624380745
5000, 4.639671743325414
5000, 4.237628411314283
5000, 4.412008273659642
5000, 4.336944820662072
5000, 4.064869930157814
5000, 3.9561426032418265
5000, 3.9642988115225553
5000, 4.011674316701543
5000, 3.9600801001968438
5000, 4.219486513944513
5000, 4.039726834524794
5000, 4.009509716025722
5000, 4.062308592321781
5000, 4.001875796010171
5000, 4.041161726555187
5000, 4.1435474637604806
5000, 4.088588846259071
5000, 4.121783283749883
5000, 4.144138282939617
5000, 4.155285681488554
5000, 4.103792627326217
10000, 4.076829397167864
10000, 3.9971430265673353
10000, 4.217398089141358
10000, 4.1134496408478425
10000, 3.9167129112557233
10000, 4.368882941421703
10000, 4.062904579913565
10000, 4.134453803300317
10000, 4.309576916623218
10000, 4.166343982390315
10000, 3.988540880516528
10000, 4.164149739090146
10000, 4.097835131196043
10000, 4.16022895881923
10000, 4.1373037505317125
10000, 4.023010143573504
10000, 4.032199926551549
10000, 4.0733645285550235
10000, 4.103314327043629
10000, 4.3104988545008736
10000, 4.296608006809253
10000, 4.158970316778981
10000, 4.255797293393989
10000, 4.200784257658088
10000, 4.031021552593579
10000, 4.356830378621326
10000, 4.298404383170782
10000, 4.091370111280009
10000, 4.120664374371008
10000, 4.3918221647203595
10000, 4.185219904274146
10000, 3.9756574514142624
10000, 4.056350669685033
10000, 4.1707104961545545
10000, 4.052598800156933
10000, 4.271343593063797
10000, 4.1493756546534755
10000, 4.192486043828158
10000, 4.313640170523111
10000, 4.199597765854901
10000, 4.022102860096236
10000, 3.949925676076596
10000, 4.245545890748166
10000, 3.90854559929284
10000, 4.157552666423866
10000, 4.129677182522842
10000, 4.193152634487367
10000, 4.2669929295819955
10000, 4.1802225077003605
10000, 4.182920172161994
10000, 4.16908390203171
10000, 4.229850145597257
10000, 4.27529080620658
10000, 4.132692048121984
10000, 4.234408485766561
10000, 4.308482318276341
10000, 4.31143382526009
10000, 4.033729018726593
10000, 4.410750805861385
10000, 3.934886876898141
10000, 4.3268746027156615
10000, 4.408711994624046
10000, 4.191266695628238
10000, 4.243047674869064
10000, 4.527337436559554
10000, 3.956547790416461
10000, 4.160794169093347
10000, 4.326425068613042
10000, 3.896851664471068
10000, 4.024809988425352
10000, 3.927969581111257
10000, 4.262070923530789
10000, 4.260757422172705
10000, 3.8558947804499266
10000, 4.361256414968472
10000, 4.3331967275966585
10000, 4.1368947257823
10000, 4.0815473582172395
10000, 4.242078381631187
10000, 4.166950975337352
10000, 4.156769016149854
10000, 4.2980774516825
10000, 4.108893115740072
10000, 4.215779477939847
10000, 4.276393735720593
10000, 4.317494342255434
10000, 4.060585096124051
10000, 3.9979614774731753
10000, 4.109467877637834
10000, 4.336166816168303
10000, 4.104787004418478
10000, 4.067216236250872
10000, 4.071310286156089
10000, 4.3032786853388325
10000, 4.0725090414340634
10000, 3.96300114514116
10000, 4.2846518279965755
10000, 4.234518543168218
10000, 3.995660209633831
10000, 4.318879913691691
