n, mse
10, 1.3123193483868012
10, 4.52139021420864
10, 28.46924718090296
10, 8.999811089374099
10, 5.6423528483814795
10, 12.941600391527363
10, 13.223150412813705
10, 34.912073730710944
10, 66.89922922638515
10, 3.382432582442884
10, 19.595720710102363
10, 29.216002165474215
10, 0.460049368206368
10, 0.9227142860791356
10, 3.1061720412373846
10, 2.766322147983595
10, 27.824753578803403
10, 38.42827560426409
10, 5.308400230208482
10, 23.905357562535865
10, 6.09482954981597
10, 8.80629366295745
10, 28.450656128098878
10, 35.365933413268856
10, 3.13802009931105
10, 402.58232222287546
10, 2.986905138017963
10, 9.436619636806748
10, 4.348536335705579
10, 11.581226000797578
10, 4.879363480994705
10, 7.603221985404406
10, 41.416803765269066
10, 24.224095137164614
10, 0.6336787086905008
10, 18.850772968422483
10, 20.491385618340637
10, 4.499537678725475
10, 2.2360095505398574
10, 7.561519904164239
10, 2.2960488748900527
10, 6.0263715541465
10, 7.833436431487286
10, 4.740886915295465
10, 162.1429083187943
10, 5.68678165916847
10, 12.910249409236942
10, 5.604029446087968
10, 8.32928911441179
10, 9.698094556246057
10, 8.378171483407819
10, 2.239355113063608
10, 18.141607807616825
10, 3.391523470548731
10, 37.14637897041624
10, 16.787248412181142
10, 4.446223217305833
10, 1.3252000755804312
10, 0.44795406095935
10, 3.510220207504825
10, 0.5109946489839201
10, 112.5191859346083
10, 13.23318725362362
10, 2.996821718963935
10, 35.84301962001833
10, 0.9445925859254374
10, 6.009719990230935
10, 0.4470828385843052
10, 12.937385995532036
10, 45.79577395187848
10, 5.771678616953869
10, 14.041083925498661
10, 27.334214097703892
10, 1.958381945236916
10, 19.274879433947653
10, 3.26890760690163
10, 8.47259137099511
10, 0.4324688695736455
10, 11.442262123082662
10, 8.025603316994054
10, 6.5353349045048805
10, 5.978964898458337
10, 21.454773153152324
10, 0.6852695938025595
10, 29.935406046278366
10, 4.902110147673589
10, 4.7398569405087825
10, 4.982255918728295
10, 7.959443498899973
10, 3.2202235662477703
10, 5.753960212146711
10, 5.365150737307065
10, 20.61206082019891
10, 2.5356012613894046
10, 1.3933461861319634
10, 2.0785949592740036
10, 6.388429364206879
10, 42.418268984405685
10, 8.709517284791072
10, 2.320930456057389
100, 5.668023166332525
100, 3.844620553845522
100, 2.2769908141972666
100, 3.7193218957197076
100, 3.9753679093955676
100, 2.083463591805566
100, 6.817727286292718
100, 7.928938327229366
100, 7.64273949838765
100, 2.8853454166102184
100, 6.327771429577474
100, 10.189573338780443
100, 7.1962979415484964
100, 5.076828036567409
100, 3.6073582285690926
100, 2.7515037814658045
100, 6.650922807054968
100, 4.717410881113537
100, 3.0821574494183688
100, 5.316735061070426
100, 4.738112655290539
100, 4.188595868015054
100, 2.0026422278302536
100, 5.42398026013803
100, 4.061730808854209
100, 5.243795219458187
100, 1.853633342269107
100, 8.341024372799739
100, 4.5309312201727705
100, 8.085311356339881
100, 8.857209711960065
100, 2.3766058893622883
100, 2.907511337642228
100, 3.883317754878783
100, 4.528788696640166
100, 3.429393698088737
100, 3.7726647793761017
100, 6.01990677633314
100, 6.15853920572621
100, 5.443129996582102
100, 4.866258492225004
100, 7.179478901056745
100, 9.698628326261069
100, 6.744535164390918
100, 4.3745626106337605
100, 6.722540860214302
100, 4.810060585642854
100, 5.199109821520322
100, 3.4027692485098435
100, 5.861414115647388
100, 4.396028864300509
100, 7.635294407199081
100, 3.0550861085364995
100, 5.81894251319797
100, 2.6374522019612434
100, 4.785281839301797
100, 3.5863464284032616
100, 2.6971158219296134
100, 4.504047588847742
100, 4.331843381774037
100, 10.937012412573994
100, 4.909623509660841
100, 3.2782033932344157
100, 3.680223003963982
100, 5.410827236197894
100, 3.296802686179922
100, 4.931062032454292
100, 4.163725883079964
100, 5.054351181779238
100, 3.9282107831536175
100, 5.8196099603845575
100, 3.5686902905736217
100, 6.331444084271977
100, 6.168228823871369
100, 7.670954192312439
100, 7.075535596865119
100, 6.770958973184039
100, 2.7740270420019493
100, 3.160655138751868
100, 2.756312858522331
100, 5.152207296767331
100, 4.674313318509336
100, 2.2705910934108813
100, 4.017580952130022
100, 6.38507554213264
100, 5.747656207028995
100, 6.6811744322755215
100, 3.2157818546786876
100, 3.3348039620605845
100, 7.575447332978389
100, 4.526151742354075
100, 6.192070497080231
100, 5.995084925590821
100, 3.6927125038773525
100, 2.251115168992238
100, 9.373327976367918
100, 2.867974988152694
100, 3.951045971955362
100, 2.4177949330783983
100, 5.69425976801004
1000, 4.465688909282107
1000, 4.535324935110218
1000, 4.508925466654777
1000, 4.480549668585839
1000, 4.218162324599153
1000, 3.5881481921484384
1000, 4.081067778025307
1000, 4.233860650959596
1000, 4.831876096075676
1000, 4.480624333423228
1000, 4.652431958013284
1000, 4.121756487002686
1000, 3.7315587219432893
1000, 4.1147321564743535
1000, 3.81080335279648
1000, 5.197411889391041
1000, 4.7071814645253
1000, 4.943239615518886
1000, 4.697482990692499
1000, 4.653731067514912
1000, 3.581422210854273
1000, 4.323953534923993
1000, 4.275309180175533
1000, 4.378842483246084
1000, 4.866465507680703
1000, 3.8303165369871577
1000, 5.536167580810395
1000, 5.0335586315594405
1000, 3.507842026165637
1000, 3.614904869027528
1000, 3.908060140736917
1000, 4.184371623221782
1000, 4.348941741680551
1000, 4.422554264080357
1000, 3.7936336979435317
1000, 4.844765119175707
1000, 4.322616336521505
1000, 5.263149060635259
1000, 4.145830418366231
1000, 4.271015385343005
1000, 4.762949229712502
1000, 3.9118028041192145
1000, 3.9059335313108683
1000, 3.929837239251092
1000, 4.131532204515926
1000, 4.4530177578874115
1000, 4.423928398018196
1000, 3.8239451609931767
1000, 4.918452022057164
1000, 3.7453078299802165
1000, 4.265331759538399
1000, 4.004471742101462
1000, 4.251406606080215
1000, 3.893061391875351
1000, 4.496489052801297
1000, 4.330647834312023
1000, 3.8731844701394014
1000, 4.251942457993432
1000, 4.531860560725042
1000, 5.00081083211173
1000, 3.5539327058183177
1000, 3.996808726957223
1000, 3.632383094476253
1000, 4.80642154673215
1000, 4.02920255160635
1000, 3.5119206290796456
1000, 3.824990737962584
1000, 4.370611084806905
1000, 3.9970343058237585
1000, 4.35689775266358
1000, 4.302603697963227
1000, 3.892331120437567
1000, 3.7118439994539436
1000, 4.588513909472638
1000, 4.10462968984945
1000, 4.312792966379553
1000, 4.246208327846415
1000, 4.849223578041668
1000, 4.048339408021572
1000, 4.889126729976599
1000, 4.10336992571317
1000, 4.591626271418257
1000, 4.0026574090564635
1000, 4.1580682760276195
1000, 3.831796325475557
1000, 4.207675186899649
1000, 4.710879417517888
1000, 4.049921473287899
1000, 4.050695128418656
1000, 4.241017948877902
1000, 4.357111868990018
1000, 5.050029976921521
1000, 5.442810072380792
1000, 3.614444806686462
1000, 4.395882282012149
1000, 3.8631019603855776
1000, 4.9775048408925215
1000, 5.301356897392558
1000, 4.015789054547318
1000, 4.169086784121796
5000, 4.0762474902686945
5000, 4.012984391925398
5000, 4.2948256751910385
5000, 4.285347318280142
5000, 4.455341904424452
5000, 3.865440058059092
5000, 3.912061083326998
5000, 4.3713744567069535
5000, 4.052001407238282
5000, 4.028638108310374
5000, 4.252676788262831
5000, 4.063297826306271
5000, 4.028595362078315
5000, 4.489771435784587
5000, 4.189094902070976
5000, 4.380968212622779
5000, 4.174222292097307
5000, 4.245279025986836
5000, 3.851928021534457
5000, 4.141980259225931
5000, 4.25004065599362
5000, 3.9917531658072076
5000, 4.371716147438374
5000, 3.9591690276698555
5000, 4.135100835859407
5000, 4.048430588793273
5000, 4.102642923044657
5000, 4.071180240607029
5000, 4.310022174881966
5000, 4.012458388899541
5000, 4.06258744162552
5000, 4.418476417004409
5000, 4.463811874498614
5000, 4.4355237753948575
5000, 4.230772631977489
5000, 4.064894429499213
5000, 4.102982566693711
5000, 4.303065207866219
5000, 4.107593673177958
5000, 4.06887537046495
5000, 3.9027772588752967
5000, 4.014219595236754
5000, 4.424206565920258
5000, 4.161098525078646
5000, 4.0413315842327
5000, 4.137894296882415
5000, 4.266870222220186
5000, 4.229674593169177
5000, 4.097653421752779
5000, 4.22073724111344
5000, 4.148195993760425
5000, 4.43848915698733
5000, 4.460358919638142
5000, 4.140254270580244
5000, 3.7837987075133515
5000, 4.252101730199787
5000, 4.117052952158132
5000, 4.639535390497302
5000, 4.128282860332443
5000, 4.132665573976484
5000, 4.340769174071754
5000, 4.3492469618097145
5000, 3.9504499909852107
5000, 4.436061626299615
5000, 4.160686106014417
5000, 4.09311319893471
5000, 4.392255507568916
5000, 4.209680624646231
5000, 3.9136003451375916
5000, 4.275400743647953
5000, 4.276978829592083
5000, 4.2206945626453525
5000, 4.212488126609773
5000, 4.168066318589374
5000, 4.026986255665259
5000, 4.4285485964661975
5000, 3.8889219323008564
5000, 4.116316726349511
5000, 4.162802193737447
5000, 4.528813309620875
5000, 4.286760808907254
5000, 4.1219578085336055
5000, 4.222308899332135
5000, 4.033158021491453
5000, 4.255819010198025
5000, 4.1488709077022525
5000, 4.19673956502694
5000, 4.269236161687229
5000, 4.133410085508524
5000, 4.112384689551884
5000, 4.335050465406992
5000, 3.9571628864823825
5000, 4.416620360928619
5000, 4.366979242204441
5000, 4.218962748280432
5000, 4.134226694875255
5000, 4.216302690846116
5000, 4.439575709304515
5000, 4.129824532539107
5000, 4.183792222122882
10000, 4.029692423694084
10000, 4.401093774334557
10000, 4.362588275215921
10000, 4.182695086311018
10000, 4.2543833452295114
10000, 4.1834274514211085
10000, 4.1460324195775025
10000, 4.155223287785694
10000, 4.166484822330298
10000, 4.046342735176977
10000, 4.339351832300828
10000, 4.139631145438414
10000, 4.1158450347140985
10000, 4.402053846701765
10000, 4.069990922745154
10000, 4.219715290130755
10000, 4.269918630114585
10000, 4.044538934222143
10000, 4.273370825947639
10000, 4.187301519248053
10000, 4.1755001745853715
10000, 4.147672152697023
10000, 4.042335577095949
10000, 4.207476341916253
10000, 4.148726778001446
10000, 4.309043774590936
10000, 3.997727831714328
10000, 4.064222790696411
10000, 4.06080560111824
10000, 4.41367744415539
10000, 4.19642949426302
10000, 4.084671560407064
10000, 4.298888493862316
10000, 4.011877715750276
10000, 4.106454272236946
10000, 4.071358590581134
10000, 4.175647402213212
10000, 4.13930278568336
10000, 4.130102626573031
10000, 4.138023084108398
10000, 4.103767144241642
10000, 3.840135819485839
10000, 4.162195526151287
10000, 4.264667719341771
10000, 4.430125244131156
10000, 4.012451648732946
10000, 4.431849185774463
10000, 4.1766916516878645
10000, 4.3008503700166285
10000, 4.025402007786917
10000, 4.361607124382006
10000, 4.455491461998527
10000, 4.056236929428914
10000, 4.034502495099939
10000, 4.0084996572678975
10000, 4.4726656548162005
10000, 4.260003509242961
10000, 3.964662201481992
10000, 4.191164532611239
10000, 4.290371675842132
10000, 4.18222346111036
10000, 4.2664021143764765
10000, 4.283397349908292
10000, 4.375446433356991
10000, 4.381317059451785
10000, 4.446327903721772
10000, 4.121701770844028
10000, 4.104185553599414
10000, 4.286207700933708
10000, 4.274347436205067
10000, 4.295466082527581
10000, 4.2250138523241105
10000, 4.085679945830069
10000, 4.170881636437533
10000, 4.144574820726284
10000, 4.309442149394671
10000, 4.418949966087988
10000, 4.310791985347519
10000, 4.201636862126282
10000, 4.095052626093499
10000, 4.415797714482489
10000, 4.360625453980738
10000, 4.365239086123634
10000, 4.00335679870127
10000, 4.3153741845441145
10000, 4.278240989637575
10000, 4.299969367593245
10000, 4.231147467138254
10000, 4.40286358362281
10000, 4.295132484282161
10000, 4.071971925733781
10000, 4.156885091703413
10000, 4.2046087543190955
10000, 3.97544751631448
10000, 4.033305648852518
10000, 4.1745103219777935
10000, 4.317564875984769
10000, 4.18984599210443
10000, 4.17341275133592
10000, 4.172370484834402
